.Random.seed <-
c(403L, 10L, 130520629L, -547367476L, -1971325662L, -208593027L, 
-857475977L, -682358370L, -2072420264L, -945422917L, -1099599015L, 
129024232L, -1271660266L, -2017434991L, -1239560381L, 1459939922L, 
-1596760860L, -428194009L, 1747739517L, -349055372L, 1894221914L, 
1623503013L, 650064575L, -1621661370L, -1389133872L, -1081247245L, 
-1004907247L, 7983424L, -1828536034L, -1405733399L, -842320101L, 
-1792343766L, -1258186164L, 202196495L, 709290309L, -32771332L, 
-749885102L, 1963540173L, -1920510329L, 764723566L, -383280312L, 
2062196555L, 814999209L, 1667005432L, 968917798L, 114500673L, 
2064754131L, -344717438L, -116077644L, -1384316105L, -1092468179L, 
566010692L, 1125058666L, -273567019L, -1951167377L, -1495497354L, 
2068999840L, -680842397L, 818937857L, 1088785264L, 1987388174L, 
-1417683591L, -522831605L, 643967546L, 1429881148L, 1632046719L, 
-578153003L, -1693152276L, 1803726146L, -76246371L, -293634281L, 
893312638L, 778903096L, 778201371L, -1080684935L, -559461688L, 
-578962698L, 1036432177L, 692216675L, -1012909774L, -709113212L, 
310470343L, 383954333L, -28071660L, -1800534086L, -227249659L, 
-444308513L, 1936317030L, -2095245840L, 377574163L, -213992271L, 
2030370656L, 1504156926L, 1040858249L, -1816691781L, -255322742L, 
2110780524L, -1986785809L, -1643805147L, 372736732L, -139814734L, 
-736896083L, -1603166361L, -1868215154L, -37385880L, 2105588075L, 
290970377L, -662377064L, 782826694L, -1617271263L, 3278515L, 
1312091170L, -677874156L, 32795287L, 151667853L, -1532114524L, 
1386754954L, 727113717L, -33649073L, 711620950L, 471286784L, 
646171971L, -1061019423L, -888030640L, 525395630L, -389836199L, 
-309724565L, 180482010L, -299888484L, 992346783L, 1205055733L, 
957307276L, -288730014L, 1914344509L, 808867511L, -1365035682L, 
1399741592L, -930535429L, 704990617L, -2107257304L, 745363158L, 
1269490513L, -470129149L, -492426862L, -111438044L, -2049959449L, 
17315389L, 952828084L, 124598042L, -461734811L, 944895231L, 1540347270L, 
-2096772336L, 1528074163L, -217623471L, 394655744L, -1831810850L, 
1418765097L, -1907310885L, 516918762L, -1105054324L, -716707121L, 
795850373L, 217650492L, 1109891090L, -1416538355L, 84055111L, 
-219343314L, -168214648L, 1720056459L, -581342103L, 981299256L, 
1713977574L, -1118633855L, 1461606419L, 883453890L, -1459570572L, 
506130039L, 1689825133L, 13348868L, 1084017450L, 190288021L, 
730869551L, 161461814L, 649785952L, 1701064867L, -1111899199L, 
-918351952L, 1815468750L, 276547641L, -207991221L, 759649274L, 
-1139106052L, -1645120705L, -2128708587L, 1030666028L, -586884094L, 
1775230685L, -1791128105L, -450459458L, -458925320L, 319144155L, 
-288120007L, -1292728696L, -579448266L, 1632897649L, -2087858013L, 
-1240024590L, 1527724356L, -1405832697L, -490709027L, 298256596L, 
-650299398L, -1801228475L, -822543457L, 18714918L, -820674128L, 
785930835L, -1427577487L, 2136507552L, 522634302L, 851544905L, 
-1741538821L, -1028465206L, -597503188L, -153642193L, -12525083L, 
130665628L, 1612531954L, 953355962L, 1637550224L, -1481037076L, 
1274348116L, -97474926L, 990427936L, -1094763572L, 566007008L, 
-1129440574L, -921501656L, -1389501524L, 305189564L, -846569998L, 
-209179088L, -781203548L, 2086167992L, 1827178330L, 123652240L, 
117212028L, -2020418796L, 2016928066L, 2081243904L, -307599428L, 
2143798096L, -620925662L, -1404766648L, -1082472436L, 1218029660L, 
-2074906158L, 2104644096L, -31647404L, -829373208L, 913865978L, 
108322512L, -268884692L, -1204459276L, -1988473454L, -1061179040L, 
-82178036L, -1518545184L, 704563810L, -1372920152L, 1193985612L, 
-1823317124L, 2028283186L, 1682642544L, -939775164L, 548266968L, 
-2087096454L, -755783120L, 981986236L, 482300500L, -2110643134L, 
1700708512L, 2140363452L, 471580112L, 977717090L, -206730520L, 
644035788L, 718310908L, -973342222L, -1509706112L, 166032884L, 
-780348792L, -614580422L, 723500880L, 577715308L, 917943700L, 
-1447525294L, -232924704L, 922520780L, -1801992032L, -2089055870L, 
1706514664L, -1401111828L, -299473604L, 426239090L, 642944112L, 
-643353564L, -1588604872L, 65119002L, 787309776L, -600435908L, 
69599124L, -1973028990L, -1964446272L, -1839123908L, -1179330160L, 
-1234939358L, -158479096L, 95937164L, -384727268L, -1683347310L, 
639437184L, 1590708756L, 722674472L, -987439558L, -864874032L, 
-768117396L, 1601350580L, -1102156782L, 1705646560L, -211026996L, 
-190830368L, 176136226L, 1230671144L, 1671622156L, 6134588L, 
142910450L, -1294205200L, -396590524L, -1651282344L, 866304826L, 
841646576L, 1826401980L, -1093808876L, -834005310L, -1735878560L, 
1050851196L, -1023001648L, -281178846L, 189597352L, 1178852236L, 
980389052L, -260372686L, -603833792L, -244698956L, -804554168L, 
1554099642L, -1020620272L, -616827156L, -1319353004L, 1564955922L, 
335530400L, 2028893900L, 1402846816L, 770657218L, 1685703464L, 
1792813996L, -833028292L, -1077297806L, 682815280L, -1894296284L, 
2139747128L, 1119858394L, -2072798320L, 1260866300L, 1619243924L, 
89604162L, -393334528L, -379626436L, -646417072L, -497659742L, 
-828832440L, -149251316L, -796861732L, -697695918L, -1517721472L, 
-1226281900L, 641643496L, 1602079994L, -59625648L, 1966290732L, 
1697488244L, 627425170L, 1883851872L, -1374976628L, -782736544L, 
-1582873118L, -1973709912L, 25852108L, 1820144636L, 1748464050L, 
-116105744L, -1423908924L, -943412904L, 1338305914L, -97511504L, 
2044296636L, -1879968684L, 309577666L, -942307296L, 921493692L, 
-86849968L, -1415366686L, 374732904L, 450107468L, -447208196L, 
-1659185166L, -1429365504L, -250153612L, 2064236552L, -1504701510L, 
-1051961904L, -432549908L, -484481644L, -1122770478L, 142866784L, 
-430474420L, -1019064032L, -186431614L, 847617768L, -1828910868L, 
-1722652612L, -1884332174L, 668323440L, 1889852452L, 764448568L, 
-243082086L, -1728380208L, -1146130244L, 699170452L, -1868509566L, 
-1536745280L, -1115560132L, -951594864L, -1144938974L, -1298281464L, 
136531212L, -1420731236L, -966610414L, 842642304L, -752974316L, 
599997992L, -1976492742L, -868438576L, 174430316L, -1808880925L, 
441044133L, 1631802690L, 1923048240L, 1639843673L, 1581681867L, 
936590652L, 363420010L, 2076783519L, -1430319575L, 1868239038L, 
594274732L, 2006775549L, -1310821817L, 1446404400L, 1191463502L, 
-1831349637L, 590434781L, -1366845430L, -493663960L, -1445693551L, 
1195760003L, 2011018884L, 421946546L, 65942535L, -2022547375L, 
1344016342L, 1629470388L, 992599749L, 1237020687L, 2060427400L, 
-847175258L, -1405658797L, 1578429109L, 1793687570L, -1234038304L, 
1493632073L, -1969384837L, 506190668L, -2054009126L, -1510825265L, 
-2105851239L, -1731883346L, -1798829124L, -1218825171L, 1112071127L, 
1859170848L, 1818399614L, 1642757451L, -1631207603L, -127085190L, 
1832306616L, 646749537L, 1444581651L, -250255052L, 1094296386L, 
-851471529L, -1391250783L, -1187658906L, 4537700L, 2023581845L, 
-1013159489L, -1904788136L, -933854346L, 492634499L, 1811743685L, 
-824305438L, 818142544L, 1001057401L, -396001365L, -1766996708L, 
-480873910L, 771339839L, 1999112841L, 642838174L, -1225585844L, 
-409318627L, 2009356967L, 354841040L, -682108562L, -907557861L, 
1968885117L, 1784875882L, 473796104L, 1772004017L, -1224717021L, 
1329520164L, -3787566L, 37401895L, -1090961551L, -187687498L, 
-1324964524L, 456033253L, 140459503L, -607886040L, 1040004486L, 
1448120755L, -233485035L, 1280085874L, 1133681600L, 355888169L, 
1807210651L, 943809900L, -2070209158L, -2050249041L, 8099257L, 
-1392814130L, 1160107804L, -656505203L, -1937733897L, 2097826304L, 
-1309502370L, -1803028693L, 1831523373L, -1733696358L, -262674344L, 
2111971265L, -1635184525L, -1935677036L, -2038028254L, 1253080887L, 
1990738433L, -420021498L, 1461315396L, 2117843573L, -2030167073L, 
1666744120L, -327005930L, -1585515229L, -1663203611L, 2077392642L, 
-1288727184L, -331586279L, 287489291L, -1626808836L, 1268430378L, 
-1783587233L, 1813724649L, -950206722L, -306708756L, 1301089853L, 
590306823L, 375542256L, 1162916238L, -1331382341L, -1401978467L, 
-137396406L, 1618543464L, -387484335L, -1261095357L, 735173444L, 
